0 0.195180 0.081799 0.068141 0.047486
0 0.194262 0.162014 0.064461 0.040917
0 0.193805 0.318347 0.067219 0.045833
0 0.193801 0.396097 0.065383 0.047472
0 0.193805 0.480410 0.067219 0.042569
0 0.196566 0.559806 0.063539 0.047472
0 0.195180 0.645743 0.068141 0.045847
0 0.196102 0.729229 0.068141 0.045847
0 0.291406 0.809444 0.026703 0.134222
0 0.335148 0.806174 0.023937 0.134236
0 0.381188 0.802896 0.027625 0.134236
0 0.425383 0.801257 0.027625 0.134236
0 0.472348 0.795528 0.025789 0.129333
0 0.516086 0.788979 0.023016 0.135875
0 0.561664 0.785708 0.025781 0.135861
0 0.605867 0.780799 0.027625 0.135875
0 0.655590 0.775882 0.033148 0.132597
0 0.326859 0.062972 0.066297 0.045833
0 0.327320 0.116993 0.067219 0.045847
0 0.328242 0.169375 0.069063 0.049111
0 0.327320 0.223403 0.063531 0.049111
0 0.326859 0.276597 0.068141 0.044194
0 0.328703 0.331444 0.068141 0.049111
0 0.328699 0.390285 0.064461 0.055819
0 0.327781 0.446028 0.068141 0.045833
0 0.329164 0.502507 0.067219 0.050736
0 0.330082 0.557347 0.069055 0.052389
0 0.401445 0.556528 0.069984 0.054028
0 0.400523 0.498410 0.071828 0.055653
0 0.399141 0.441035 0.069063 0.055819
0 0.397762 0.383007 0.071820 0.060569
0 0.396840 0.328167 0.069977 0.062194
0 0.397758 0.273326 0.068141 0.057292
0 0.397762 0.216771 0.066305 0.055819
0 0.395461 0.162826 0.067219 0.058931
0 0.395000 0.107174 0.068141 0.052375
0 0.395000 0.054785 0.068141 0.055653
0 0.542191 0.542653 0.071555 0.053222
0 0.542008 0.485799 0.071625 0.061014
0 0.539453 0.426083 0.069438 0.053222
0 0.538723 0.370271 0.069445 0.055819
0 0.537262 0.314451 0.070898 0.058403
0 0.536898 0.261229 0.070172 0.050625
0 0.535438 0.208660 0.070172 0.059708
0 0.532168 0.151542 0.068008 0.054528
0 0.533062 0.096847 0.069391 0.044861
0 0.531172 0.046375 0.070656 0.047111
0 0.598676 0.046375 0.069398 0.056083
0 0.602184 0.096937 0.066617 0.048458
0 0.602184 0.152125 0.069648 0.056528
0 0.603699 0.203264 0.069648 0.051139
0 0.607484 0.255750 0.071156 0.053833
0 0.606727 0.312278 0.072672 0.059222
0 0.609754 0.370153 0.072680 0.051139
0 0.608996 0.419951 0.071164 0.053847
0 0.727855 0.041764 0.066617 0.051139
0 0.730883 0.095597 0.066625 0.051139
0 0.732398 0.146736 0.066625 0.056528
0 0.736184 0.203264 0.065102 0.056528
0 0.737699 0.257097 0.068133 0.051139
0 0.740723 0.306903 0.071164 0.053833
0 0.193797 0.239660 0.068219 0.041375
