0 0.394310 0.114964 0.021300 0.036160
0 0.394310 0.151742 0.021300 0.038388
0 0.415784 0.151674 0.021608 0.038332
0 0.415912 0.113728 0.022384 0.037048
0 0.437008 0.150644 0.022384 0.037304
0 0.436880 0.113342 0.021608 0.037300
0 0.458104 0.150774 0.021352 0.037564
0 0.457974 0.113212 0.020580 0.037560
0 0.479070 0.150644 0.022124 0.038848
0 0.478942 0.112826 0.021356 0.036788
0 0.500294 0.149360 0.021868 0.038848
0 0.500294 0.112314 0.021868 0.036788
0 0.521778 0.149616 0.022124 0.039360
0 0.521650 0.111282 0.021868 0.038332
0 0.543516 0.149102 0.021352 0.039364
0 0.542486 0.111026 0.020324 0.037820
0 0.563712 0.148844 0.022640 0.040392
0 0.563454 0.110512 0.021612 0.038336
0 0.584808 0.148588 0.022640 0.041936
0 0.584808 0.109226 0.021096 0.039364
0 0.606288 0.147816 0.022384 0.040904
0 0.605388 0.107810 0.020584 0.038076
0 0.372820 0.153090 0.021096 0.039620
0 0.352110 0.152960 0.021868 0.038848
0 0.377330 0.278522 0.022084 0.040076
0 0.377640 0.239130 0.022456 0.038460
0 0.398794 0.278398 0.022580 0.039828
0 0.399228 0.239688 0.021712 0.037840
0 0.670782 0.359968 0.026452 0.041904
0 0.695300 0.397266 0.023776 0.042204
0 0.694560 0.358630 0.021696 0.041012
0 0.716700 0.396672 0.025560 0.045176
0 0.716700 0.356550 0.023776 0.038636
0 0.740624 0.394442 0.025856 0.048444
0 0.309532 0.510204 0.027936 0.041608
0 0.344602 0.509462 0.026748 0.042500
0 0.367932 0.509312 0.026448 0.042800
0 0.365554 0.551516 0.026452 0.041608
0 0.340590 0.551070 0.027044 0.040716
0 0.388438 0.550326 0.024668 0.042796
0 0.390816 0.508272 0.025856 0.043096
0 0.413256 0.550176 0.025560 0.043096
0 0.414296 0.506934 0.026448 0.041612
0 0.436884 0.549284 0.025264 0.043688
0 0.438368 0.506784 0.025856 0.041312
0 0.461402 0.551068 0.026748 0.046064
0 0.462592 0.506934 0.026152 0.042204
0 0.486070 0.550176 0.024964 0.043688
0 0.486368 0.506934 0.025560 0.043388
0 0.510292 0.550028 0.024072 0.043392
0 0.510442 0.506042 0.024964 0.042796
0 0.533920 0.548840 0.024968 0.045768
0 0.534216 0.505150 0.025560 0.042796
0 0.557994 0.545720 0.026156 0.043096
0 0.558438 0.503366 0.024668 0.040420
0 0.582512 0.544828 0.025264 0.044880
0 0.583108 0.502476 0.025856 0.042800
0 0.607182 0.542152 0.024668 0.045472
0 0.607328 0.501436 0.025560 0.041904
0 0.630512 0.541708 0.026152 0.047552
0 0.631106 0.498464 0.023180 0.041904
0 0.655476 0.537844 0.024968 0.043392
0 0.655326 0.496830 0.024668 0.042204
0 0.680144 0.535466 0.024968 0.045772
0 0.679252 0.494304 0.025560 0.041312
0 0.704514 0.533830 0.026156 0.046068
0 0.703772 0.492222 0.025856 0.041908
0 0.728736 0.531156 0.025856 0.046064
0 0.726656 0.488210 0.025856 0.042204
0 0.751918 0.526846 0.026452 0.045772
0 0.750434 0.484494 0.024668 0.042500
0 0.775696 0.523280 0.027640 0.045176
0 0.774356 0.480186 0.025560 0.039828
0 0.800066 0.518524 0.027044 0.043984
0 0.799470 0.478254 0.026452 0.040124
0 0.446988 0.649742 0.028832 0.044284
0 0.484882 0.647510 0.026156 0.044580
0 0.510144 0.646322 0.026152 0.045772
0 0.508362 0.690010 0.028532 0.042204
0 0.533176 0.689416 0.027048 0.043392
0 0.535406 0.645282 0.027340 0.046068
0 0.559330 0.687784 0.026452 0.047256
0 0.560370 0.643202 0.024964 0.044284
0 0.584890 0.687634 0.025860 0.050524
0 0.585188 0.640824 0.025856 0.043096
0 0.610300 0.684512 0.025560 0.049632
0 0.610748 0.638446 0.025856 0.043092
0 0.635414 0.680054 0.026452 0.046660
0 0.636306 0.635624 0.025260 0.043392
0 0.661718 0.679164 0.026156 0.050824
0 0.661124 0.632204 0.025560 0.047256
0 0.687722 0.677232 0.028236 0.048744
0 0.687276 0.631166 0.027344 0.046364
0 0.714322 0.672922 0.026748 0.046660
0 0.713728 0.628638 0.027344 0.044876
0 0.740178 0.626262 0.026748 0.046068
0 0.741368 0.670692 0.026152 0.045768
0 0.768266 0.668018 0.028828 0.050524
0 0.766778 0.622100 0.027044 0.046064
0 0.793676 0.661628 0.028528 0.044280
0 0.792636 0.618386 0.025856 0.044580
0 0.818938 0.613780 0.025556 0.047256
0 0.843904 0.610956 0.027344 0.046960
0 0.846578 0.655684 0.028532 0.045472
0 0.819680 0.657764 0.025264 0.043096
0 0.874070 0.647660 0.028828 0.046064
0 0.870502 0.604566 0.030612 0.046068
0 0.900670 0.642756 0.028532 0.047552
0 0.930240 0.641716 0.030016 0.049040
0 0.898588 0.599958 0.027344 0.038636
0 0.464424 0.238510 0.021584 0.037964
0 0.486260 0.277034 0.021584 0.040820
0 0.420692 0.278274 0.021960 0.041068
0 0.421126 0.239378 0.022332 0.037716
0 0.442652 0.278088 0.022208 0.041192
0 0.442962 0.238758 0.022332 0.037468
0 0.464612 0.277716 0.021712 0.040696
0 0.230938 0.240430 0.024444 0.037820
0 0.229522 0.278636 0.023668 0.039104
0 0.268370 0.278764 0.022124 0.038848
0 0.269914 0.240688 0.022124 0.037816
0 0.292168 0.240174 0.022384 0.037820
0 0.291008 0.278634 0.022640 0.039620
0 0.312234 0.279150 0.022900 0.040132
0 0.313006 0.240688 0.021868 0.038848
0 0.333782 0.279080 0.022084 0.039704
0 0.334836 0.239502 0.022208 0.038460
0 0.355618 0.278956 0.022580 0.041192
0 0.355866 0.239068 0.022332 0.037840
0 0.486010 0.237456 0.021836 0.038336
0 0.508158 0.276040 0.021956 0.040816
0 0.507846 0.236216 0.021836 0.039576
0 0.530736 0.276164 0.022704 0.040072
0 0.530178 0.236216 0.023076 0.039328
0 0.553008 0.275792 0.023080 0.040816
0 0.552138 0.235782 0.021340 0.038956
0 0.574906 0.274862 0.023452 0.041188
0 0.573416 0.234912 0.022704 0.040200
0 0.596432 0.273622 0.022832 0.040444
0 0.595376 0.233920 0.021712 0.039208
0 0.618142 0.272194 0.023572 0.042060
0 0.617646 0.232926 0.023076 0.037468
0 0.639978 0.271078 0.022828 0.041068
0 0.639792 0.231624 0.021216 0.037592
0 0.661938 0.268410 0.024564 0.040196
0 0.661194 0.230322 0.021588 0.037716
0 0.683402 0.267976 0.023572 0.041312
0 0.224234 0.372746 0.025556 0.040124
0 0.220818 0.413316 0.024668 0.043392
0 0.262426 0.412720 0.022884 0.041016
0 0.263464 0.372448 0.021400 0.039528
0 0.284122 0.412422 0.022884 0.040420
0 0.285756 0.372152 0.023776 0.038936
0 0.307302 0.413612 0.022292 0.041016
0 0.308788 0.371260 0.025264 0.041904
0 0.330038 0.413018 0.023180 0.042204
0 0.330930 0.370666 0.021996 0.041908
0 0.351884 0.413018 0.021696 0.042204
0 0.352626 0.371260 0.021396 0.041312
0 0.373280 0.413314 0.021696 0.042796
0 0.374768 0.371260 0.022288 0.041904
0 0.394976 0.413018 0.023480 0.042796
0 0.396612 0.370666 0.024368 0.042500
0 0.418160 0.411830 0.022288 0.042204
0 0.419794 0.370516 0.021996 0.041608
0 0.441044 0.411680 0.023480 0.043096
0 0.441340 0.370072 0.022288 0.041312
0 0.464524 0.412422 0.023480 0.044580
0 0.464670 0.369328 0.024372 0.041016
0 0.487852 0.412870 0.023776 0.044284
0 0.488150 0.369774 0.022588 0.041908
0 0.510738 0.410194 0.022588 0.041908
0 0.511036 0.368884 0.023184 0.041312
0 0.533324 0.410194 0.023776 0.043092
0 0.534218 0.368734 0.023180 0.042204
0 0.557102 0.408560 0.023180 0.043984
0 0.557548 0.368736 0.024072 0.041608
0 0.580432 0.408112 0.024072 0.045472
0 0.580284 0.366654 0.024968 0.038044
0 0.603464 0.407074 0.021992 0.043988
0 0.603018 0.366060 0.022884 0.038040
0 0.626796 0.406924 0.024072 0.044880
0 0.625608 0.365910 0.023480 0.038932
0 0.649382 0.406478 0.024668 0.048148
0 0.648938 0.365168 0.021396 0.038040
0 0.671378 0.402466 0.026452 0.044284
0 0.578948 0.787048 0.031800 0.047256
0 0.620108 0.783630 0.029720 0.048148
0 0.618476 0.830292 0.027640 0.043984
0 0.645818 0.827318 0.028828 0.048148
0 0.648046 0.781252 0.028532 0.045768
0 0.673754 0.823306 0.027044 0.048444
0 0.674348 0.777686 0.027640 0.043988
0 0.700354 0.821820 0.027940 0.052008
0 0.701394 0.775010 0.028236 0.044580
0 0.728886 0.771890 0.029124 0.050820
0 0.729184 0.820632 0.029720 0.047256
0 0.755782 0.769364 0.029420 0.045768
0 0.784612 0.765650 0.027640 0.046660
0 0.812102 0.759706 0.028532 0.047852
